[mahimarao_sci101_Science.txt,samanvya1_sci101_Science.txt,shubhangi18_sci101_Science.txt,ajay1_sci101_Science.txt,anaghrao-99_sci101_Science.txt]
[[1.0000002  0.92145926 0.62759376 0.62759376 0.92145926 0.62759376]
 [0.92145926 1.         0.6851928  0.6851928  1.         0.6851928 ]
 [0.62759376 0.6851928  1.         1.         0.6851928  1.0000001 ]
 [0.62759376 0.6851928  1.         1.         0.6851928  1.0000001 ]
 [0.92145926 1.         0.6851928  0.6851928  0.99999994 0.6851929 ]
 [0.62759376 0.6851928  1.0000001  1.0000001  0.6851929  1.0000002 ]]
